4294967278,20
4294967278,19
4294967278,18
4294967278,17
4294967278,16
4294967278,15
4294967278,14
4294967278,13
4294967279,263
4294967279,262
4294967278,37
4294967278,36
4294967278,35
4294967278,34
4294967278,33
4294967278,32
4294967278,31
4294967278,30
4294967278,29
4294967278,28
4294967278,27
4294967278,26
4294967278,25
4294967278,24
4294967278,23
4294967278,22
4294967278,21
4294967279,21
4294967279,19
4294967279,18
4294967279,17
4294967279,15
4294967279,14
4294967279,12
4294967279,11
4294967279,10
4294967294,175
4294967294,183
4294967294,176
4294967294,104
4294967294,106
4294967294,166
4294967294,24
4294967294,160
4294967294,168
4294967294,30
4294967294,143
4294967294,142
4294967294,140
4294967294,139
4294967294,134
4294967294,1018
4294967294,992
4294967294,990
4294967294,989
4294967294,988
4294967294,987
4294967294,60
4294967294,18
4294967294,127
4294967294,14
4294967294,126
4294967294,20
4294967294,13
4294967294,12
4294967279,275
4294967278,334
4294967279,258
4294967279,257
4294967279,274
4294967294,437
4294967279,255
4294967279,521
4294967278,258
4294967278,333
4294967279,520
4294967278,257
4294967279,519
4294967294,38
4294967294,36
4294967294,41
4294967294,39
4294967294,392
4294967294,389
4294967294,115
4294967294,45
4294967294,44
4294967294,475
4294967278,332
4294967278,331
4294967279,518
4294967279,517
4294967278,330
4294967279,516
4294967279,515
4294967278,329
4294967279,514
4294967294,42
4294967279,513
19,5
4294967278,328
19,4
4294967279,512
19,3
19,2
19,1
4294967278,327
4294967294,76
4294967294,52
4294967294,417
4294967279,319
4294967278,326
4294967278,253
4294967278,251
4294967294,53
4294967278,250
4294967278,248
4294967278,246
17,4
17,3
17,2
17,1
4294967278,244
4294967278,242
4294967294,84
4294967294,99
4294967294,88
4294967294,86
4294967294,92
4294967294,90
4294967278,240
4294967278,241
4294967279,318
4294967278,238
16,6
4294967294,474
4294967278,234
4294967278,325
4294967278,235
16,5
4294967294,107
4294967294,1090
4294967294,162
4294967294,170
4294967278,232
4294967278,230
16,4
16,3
16,2
16,1
4294967278,228
4294967278,226
4294967278,224
4294967278,225
4294967278,222
15,5
4294967294,128
4294967294,1017
4294967278,218
15,4
4294967278,216
15,3
15,2
15,1
4294967278,215
4294967294,150
4294967278,214
4294967279,317
4294967279,316
4294967294,5
4294967278,324
4294967279,315
4294967278,323
4294967279,314
4294967278,209
4294967278,208
4294967278,207
14,4
14,3
14,2
14,1
4294967279,313
4294967278,206
4294967279,312
4294967279,260
4294967278,322
4294967278,201
4294967294,385
4294967294,420
4294967294,147
4294967294,180
4294967294,453
4294967294,164
4294967279,311
4294967278,321
4294967278,320
13,5
4294967278,200
4294967278,199
13,4
13,3
13,2
13,1
4294967279,310
4294967278,198
4294967278,197
4294967294,468
4294967294,469
4294967279,309
4294967278,319
4294967278,195
4294967278,318
4294967294,473
4294967294,1101
4294967278,194
4294967278,317
4294967278,316
4294967279,308
4294967278,191
11,4
11,3
11,2
11,1
4294967279,307
4294967278,190
4294967278,315
4294967279,306
4294967279,305
4294967278,314
4294967294,390
4294967279,304
4294967278,313
4294967279,303
4294967278,312
4294967278,0
4294967279,302
4294967278,311
4294967279,301
4294967278,310
4294967279,300
4294967278,309
4294967294,50
4294967279,299
4294967279,298
4294967278,308
4294967278,307
4294967279,297
4294967278,180
4294967294,1001
4294967294,186
4294967294,1000
4294967294,151
4294967278,306
4294967294,112
4294967294,167
4294967279,296
4294967278,305
4294967279,295
4294967278,304
4294967278,176
4294967294,37
4294967294,1420
4294967294,1419
4294967294,1418
4294967294,393
4294967294,472
4294967294,89
4294967294,1009
4294967294,185
4294967279,294
4294967278,175
4294967278,303
4294967278,173
4294967278,172
4294967278,169
4294967278,171
10,5
10,4
4294967278,170
10,2
10,1
4294967278,302
4294967294,40
4294967294,22
4294967294,17
4294967294,387
4294967278,168
4294967278,167
4294967279,293
4294967278,166
4294967294,46
4294967278,165
4294967294,7
4294967278,164
4294967294,94
4294967294,93
4294967294,96
4294967294,95
8,4
4294967278,163
8,3
8,2
8,1
4294967278,301
4294967294,9
4294967294,8
0,7
4294967294,1
4294967294,120
4294967294,427
4294967294,424
4294967294,43
4294967294,51
4294967294,2
4294967294,0
4294967294,149
4294967294,29
4294967294,419
4294967294,28
4294967294,1016
4294967294,27
4294967294,26
4294967294,25
4294967294,91
4294967294,87
4294967294,85
4294967278,162
4294967294,67
4294967294,81
4294967294,1098
4294967294,82
4294967294,11
4294967294,68
4294967278,132
4294967278,131
4294967278,130
4294967278,129
4294967278,128
4294967278,127
4294967278,126
4294967278,125
4294967278,124
4294967278,123
4294967278,122
